{"asset":{"version":"1.0"},"geometricError":500.0,"root":{"boundingVolume":{"box":[918977.014762744,2590516.8293203125,161.77414503097535,918977.014762744,0.0,0.0,0.0,2590516.8293203125,0.0,0.0,0.0,161.77414503097535]},"geometricError":500.0,"refine":"ADD","children":[{"boundingVolume":{"box":[10.985681533813477,-1.9999451637268066,3.710000216960907,32.835472106933594,0.0,0.0,0.0,17.8449649810791,0.0,0.0,0.0,8.51000052690506]},"geometricError":500,"refine":"ADD","content":{"uri":"tiles/0.b3dm"},"transform":[0.663,-0.749,0.0,0.0,0.749,0.663,-0.0,0.0,0.0,0.0,1.0,0.0,1837871.252,5180935.386,311.3,1.0]},{"boundingVolume":{"box":[8.747374534606934,4.329004526138306,4.249999821186066,31.341374397277832,0.0,0.0,0.0,12.725024461746216,0.0,0.0,0.0,7.449999988079071]},"geometricError":500,"refine":"ADD","content":{"uri":"tiles/1.b3dm"},"transform":[0.663,-0.749,0.0,0.0,0.749,0.663,-0.0,0.0,0.0,0.0,1.0,0.0,1837871.252,5180935.386,311.3,1.0]},{"boundingVolume":{"box":[3.821564197540283,-1.4953789710998535,4.309999942779541,24.88349485397339,0.0,0.0,0.0,17.249529361724854,0.0,0.0,0.0,7.909999847412109]},"geometricError":500,"refine":"ADD","content":{"uri":"tiles/2.b3dm"},"transform":[0.663,-0.749,0.0,0.0,0.749,0.663,-0.0,0.0,0.0,0.0,1.0,0.0,1837871.252,5180935.386,311.3,1.0]},{"boundingVolume":{"box":[10.834374904632568,5.165279865264893,3.454999625682831,29.254374027252197,0.0,0.0,0.0,10.835249900817871,0.0,0.0,0.0,6.654999792575836]},"geometricError":500,"refine":"ADD","content":{"uri":"tiles/3.b3dm"},"transform":[0.663,-0.749,0.0,0.0,0.749,0.663,-0.0,0.0,0.0,0.0,1.0,0.0,1837871.252,5180935.386,311.3,1.0]},{"boundingVolume":{"box":[31.657093048095703,6.854035377502441,3.4733798503875732,66.48391342163086,0.0,0.0,0.0,30.49894618988037,0.0,0.0,0.0,7.889620065689087]},"geometricError":500,"refine":"ADD","content":{"uri":"tiles/4.b3dm"},"transform":[0.663,-0.749,0.0,0.0,0.749,0.663,-0.0,0.0,0.0,0.0,1.0,0.0,1837871.252,5180935.386,311.3,1.0]},{"boundingVolume":{"box":[4.306578636169434,3.761334776878357,7.459999918937683,26.15736961364746,0.0,0.0,0.0,12.157354950904846,0.0,0.0,0.0,4.759999871253967]},"geometricError":500,"refine":"ADD","content":{"uri":"tiles/5.b3dm"},"transform":[0.663,-0.749,0.0,0.0,0.749,0.663,-0.0,0.0,0.0,0.0,1.0,0.0,1837871.252,5180935.386,311.3,1.0]},{"boundingVolume":{"box":[3.787529945373535,-4.012470006942749,5.710000365972519,24.857529640197754,0.0,0.0,0.0,19.59750008583069,0.0,0.0,0.0,6.510000377893448]},"geometricError":500,"refine":"ADD","content":{"uri":"tiles/6.b3dm"},"transform":[0.663,-0.749,0.0,0.0,0.749,0.663,-0.0,0.0,0.0,0.0,1.0,0.0,1837871.252,5180935.386,311.3,1.0]},{"boundingVolume":{"box":[31.397216320037842,7.011875152587891,4.524145066738129,53.26084566116333,0.0,0.0,0.0,20.035844802856445,0.0,0.0,0.0,7.724144995212555]},"geometricError":500,"refine":"ADD","content":{"uri":"tiles/7.b3dm"},"transform":[0.663,-0.749,0.0,0.0,0.749,0.663,-0.0,0.0,0.0,0.0,1.0,0.0,1837871.252,5180935.386,311.3,1.0]},{"boundingVolume":{"box":[-0.7999999523162842,0.125,2.0799999833106995,2.5,0.0,0.0,0.0,1.8250000476837158,0.0,0.0,0.0,5.280000030994415]},"geometricError":500,"refine":"ADD","content":{"uri":"tiles/8.b3dm"},"transform":[0.663,-0.749,0.0,0.0,0.749,0.663,-0.0,0.0,0.0,0.0,1.0,0.0,1837871.252,5180935.386,311.3,1.0]},{"boundingVolume":{"box":[-14.050010204315186,4.584049820899963,3.5999999046325684,1.0499906539916992,0.0,0.0,0.0,1.1040197610855103,0.0,0.0,0.0,3.5999999046325684]},"geometricError":500,"refine":"ADD","content":{"uri":"tiles/9.b3dm"},"transform":[0.663,-0.749,0.0,0.0,0.749,0.663,-0.0,0.0,0.0,0.0,1.0,0.0,1837871.252,5180935.386,311.3,1.0]},{"boundingVolume":{"box":[3.822895050048828,4.682745099067688,4.216144680976868,25.17785358428955,0.0,0.0,0.0,11.370285391807556,0.0,0.0,0.0,7.4161447286605835]},"geometricError":500,"refine":"ADD","content":{"uri":"tiles/10.b3dm"},"transform":[0.663,-0.749,0.0,0.0,0.749,0.663,-0.0,0.0,0.0,0.0,1.0,0.0,1837871.252,5180935.386,311.3,1.0]},{"boundingVolume":{"box":[-0.25994062423706055,4.166245102882385,5.28000009059906,20.235061168670654,0.0,0.0,0.0,10.803784728050232,0.0,0.0,0.0,5.230000138282776]},"geometricError":500,"refine":"ADD","content":{"uri":"tiles/11.b3dm"},"transform":[0.663,-0.749,0.0,0.0,0.749,0.663,-0.0,0.0,0.0,0.0,1.0,0.0,1837871.252,5180935.386,311.3,1.0]},{"boundingVolume":{"box":[-0.9067559242248535,3.729905128479004,6.124145030975342,20.946874141693115,0.0,0.0,0.0,12.11511516571045,0.0,0.0,0.0,6.124145030975342]},"geometricError":500,"refine":"ADD","content":{"uri":"tiles/12.b3dm"},"transform":[0.663,-0.749,0.0,0.0,0.749,0.663,-0.0,0.0,0.0,0.0,1.0,0.0,1837871.252,5180935.386,311.3,1.0]},{"boundingVolume":{"box":[1.9174995422363281,4.62252950668335,5.6715099811553955,23.10750102996826,0.0,0.0,0.0,11.087499618530273,0.0,0.0,0.0,4.568490266799927]},"geometricError":500,"refine":"ADD","content":{"uri":"tiles/13.b3dm"},"transform":[0.663,-0.749,0.0,0.0,0.749,0.663,-0.0,0.0,0.0,0.0,1.0,0.0,1837871.252,5180935.386,311.3,1.0]},{"boundingVolume":{"box":[3.688689708709717,4.4514899253845215,4.175789892673492,24.626841068267822,0.0,0.0,0.0,10.666679859161377,0.0,0.0,0.0,7.09078973531723]},"geometricError":500,"refine":"ADD","content":{"uri":"tiles/14.b3dm"},"transform":[0.663,-0.749,0.0,0.0,0.749,0.663,-0.0,0.0,0.0,0.0,1.0,0.0,1837871.252,5180935.386,311.3,1.0]},{"boundingVolume":{"box":[3.7732653617858887,4.406164884567261,4.254249811172485,24.542274951934814,0.0,0.0,0.0,10.621354818344116,0.0,0.0,0.0,7.169249773025513]},"geometricError":500,"refine":"ADD","content":{"uri":"tiles/15.b3dm"},"transform":[0.663,-0.749,0.0,0.0,0.749,0.663,-0.0,0.0,0.0,0.0,1.0,0.0,1837871.252,5180935.386,311.3,1.0]},{"boundingVolume":{"box":[2.06103515625,6.812694638967514,4.7562496066093445,20.771034240722656,0.0,0.0,0.0,8.012984663248062,0.0,0.0,0.0,5.961249649524689]},"geometricError":500,"refine":"ADD","content":{"uri":"tiles/16.b3dm"},"transform":[0.663,-0.749,0.0,0.0,0.749,0.663,-0.0,0.0,0.0,0.0,1.0,0.0,1837871.252,5180935.386,311.3,1.0]},{"boundingVolume":{"box":[3.981189727783203,4.729170203208923,3.753000557422638,24.294350624084473,0.0,0.0,0.0,10.327240109443665,0.0,0.0,0.0,6.8070003390312195]},"geometricError":500,"refine":"ADD","content":{"uri":"tiles/17.b3dm"},"transform":[0.663,-0.749,0.0,0.0,0.749,0.663,-0.0,0.0,0.0,0.0,1.0,0.0,1837871.252,5180935.386,311.3,1.0]},{"boundingVolume":{"box":[4.041183948516846,5.414534687995911,4.386649668216705,24.056894779205322,0.0,0.0,0.0,10.475934863090515,0.0,0.0,0.0,7.513349711894989]},"geometricError":500,"refine":"ADD","content":{"uri":"tiles/18.b3dm"},"transform":[0.663,-0.749,0.0,0.0,0.749,0.663,-0.0,0.0,0.0,0.0,1.0,0.0,1837871.252,5180935.386,311.3,1.0]},{"boundingVolume":{"box":[4.044374942779541,5.4167702198028564,4.426399886608124,24.0600848197937,0.0,0.0,0.0,10.480050325393677,0.0,0.0,0.0,7.5530999302864075]},"geometricError":500,"refine":"ADD","content":{"uri":"tiles/19.b3dm"},"transform":[0.663,-0.749,0.0,0.0,0.749,0.663,-0.0,0.0,0.0,0.0,1.0,0.0,1837871.252,5180935.386,311.3,1.0]},{"boundingVolume":{"box":[-19.26778507232666,2.5328099727630615,-2.349000006914139,1.3187732696533203,0.0,0.0,0.0,4.049929976463318,0.0,0.0,0.0,0.851000040769577]},"geometricError":500,"refine":"ADD","content":{"uri":"tiles/20.b3dm"},"transform":[0.663,-0.749,0.0,0.0,0.749,0.663,-0.0,0.0,0.0,0.0,1.0,0.0,1837871.252,5180935.386,311.3,1.0]},{"boundingVolume":{"box":[3.1057748794555664,5.765849828720093,3.8099995851516724,22.202695846557617,0.0,0.0,0.0,9.251369714736938,0.0,0.0,0.0,7.009999632835388]},"geometricError":500,"refine":"ADD","content":{"uri":"tiles/21.b3dm"},"transform":[0.663,-0.749,0.0,0.0,0.749,0.663,-0.0,0.0,0.0,0.0,1.0,0.0,1837871.252,5180935.386,311.3,1.0]},{"boundingVolume":{"box":[3.940269947052002,6.245100028812885,6.703785240650177,21.391469478607178,0.0,0.0,0.0,6.560070030391216,0.0,0.0,0.0,3.9537851214408875]},"geometricError":500,"refine":"ADD","content":{"uri":"tiles/22.b3dm"},"transform":[0.663,-0.749,0.0,0.0,0.749,0.663,-0.0,0.0,0.0,0.0,1.0,0.0,1837871.252,5180935.386,311.3,1.0]},{"boundingVolume":{"box":[2.471294641494751,7.60446971654892,4.169650197029114,18.140905141830444,0.0,0.0,0.0,3.9406595826148987,0.0,0.0,0.0,4.169650197029114]},"geometricError":500,"refine":"ADD","content":{"uri":"tiles/23.b3dm"},"transform":[0.663,-0.749,0.0,0.0,0.749,0.663,-0.0,0.0,0.0,0.0,1.0,0.0,1837871.252,5180935.386,311.3,1.0]},{"boundingVolume":{"box":[-0.7999999523162842,0.949999988079071,1.315000057220459,0.75,0.0,0.0,0.0,0.800000011920929,0.0,0.0,0.0,1.315000057220459]},"geometricError":500,"refine":"ADD","content":{"uri":"tiles/24.b3dm"},"transform":[0.663,-0.749,0.0,0.0,0.749,0.663,-0.0,0.0,0.0,0.0,1.0,0.0,1837871.252,5180935.386,311.3,1.0]},{"boundingVolume":{"box":[3.7965149879455566,4.647564768791199,4.605000168085098,24.908414363861084,0.0,0.0,0.0,10.87115490436554,0.0,0.0,0.0,5.555000156164169]},"geometricError":500,"refine":"ADD","content":{"uri":"tiles/25.b3dm"},"transform":[0.663,-0.749,0.0,0.0,0.749,0.663,-0.0,0.0,0.0,0.0,1.0,0.0,1837871.252,5180935.386,311.3,1.0]},{"boundingVolume":{"box":[4.297595024108887,4.394319534301758,6.657499551773071,23.948445320129395,0.0,0.0,0.0,10.5,0.0,0.0,0.0,3.9524996280670166]},"geometricError":500,"refine":"ADD","content":{"uri":"tiles/26.b3dm"},"transform":[0.663,-0.749,0.0,0.0,0.749,0.663,-0.0,0.0,0.0,0.0,1.0,0.0,1837871.252,5180935.386,311.3,1.0]},{"boundingVolume":{"box":[3.5484848022460938,5.040344595909119,6.657499551773071,23.199334144592285,0.0,0.0,0.0,8.795364499092102,0.0,0.0,0.0,3.9524996280670166]},"geometricError":500,"refine":"ADD","content":{"uri":"tiles/27.b3dm"},"transform":[0.663,-0.749,0.0,0.0,0.749,0.663,-0.0,0.0,0.0,0.0,1.0,0.0,1837871.252,5180935.386,311.3,1.0]},{"boundingVolume":{"box":[4.608850955963135,3.6879948377609253,3.4295050501823425,20.999919414520264,0.0,0.0,0.0,7.933175206184387,0.0,0.0,0.0,6.684475243091583]},"geometricError":500,"refine":"ADD","content":{"uri":"tiles/28.b3dm"},"transform":[0.663,-0.749,0.0,0.0,0.749,0.663,-0.0,0.0,0.0,0.0,1.0,0.0,1837871.252,5180935.386,311.3,1.0]},{"boundingVolume":{"box":[-3.7940847873687744,5.996980130672455,3.279999941587448,14.62401556968689,0.0,0.0,0.0,5.817820131778717,0.0,0.0,0.0,5.337149888277054]},"geometricError":500,"refine":"ADD","content":{"uri":"tiles/29.b3dm"},"transform":[0.663,-0.749,0.0,0.0,0.749,0.663,-0.0,0.0,0.0,0.0,1.0,0.0,1837871.252,5180935.386,311.3,1.0]},{"boundingVolume":{"box":[3.781330108642578,4.5250550508499146,3.4300000071525574,25.05770969390869,0.0,0.0,0.0,11.044065356254578,0.0,0.0,0.0,6.687149822711945]},"geometricError":500,"refine":"ADD","content":{"uri":"tiles/30.b3dm"},"transform":[0.663,-0.749,0.0,0.0,0.749,0.663,-0.0,0.0,0.0,0.0,1.0,0.0,1837871.252,5180935.386,311.3,1.0]},{"boundingVolume":{"box":[-1.9167401790618896,6.233649849891663,2.3186004757881165,16.411739587783813,0.0,0.0,0.0,7.272819876670837,0.0,0.0,0.0,6.241400420665741]},"geometricError":500,"refine":"ADD","content":{"uri":"tiles/31.b3dm"},"transform":[0.663,-0.749,0.0,0.0,0.749,0.663,-0.0,0.0,0.0,0.0,1.0,0.0,1837871.252,5180935.386,311.3,1.0]},{"boundingVolume":{"box":[-18.664265632629395,12.160899877548218,-2.439600020647049,2.020665168762207,0.0,0.0,0.0,2.7133100032806396,0.0,0.0,0.0,0.7604000270366669]},"geometricError":500,"refine":"ADD","content":{"uri":"tiles/32.b3dm"},"transform":[0.663,-0.749,0.0,0.0,0.749,0.663,-0.0,0.0,0.0,0.0,1.0,0.0,1837871.252,5180935.386,311.3,1.0]},{"boundingVolume":{"box":[3.8417739868164062,4.4414650201797485,3.6570000648498535,24.377495765686035,0.0,0.0,0.0,10.723775267601013,0.0,0.0,0.0,3.6570000648498535]},"geometricError":500,"refine":"ADD","content":{"uri":"tiles/33.b3dm"},"transform":[0.663,-0.749,0.0,0.0,0.749,0.663,-0.0,0.0,0.0,0.0,1.0,0.0,1837871.252,5180935.386,311.3,1.0]},{"boundingVolume":{"box":[4.156229496002197,5.877514958381653,2.7277951836586,24.338900089263916,0.0,0.0,0.0,5.347514986991882,0.0,0.0,0.0,5.527795255184174]},"geometricError":500,"refine":"ADD","content":{"uri":"tiles/34.b3dm"},"transform":[0.663,-0.749,0.0,0.0,0.749,0.663,-0.0,0.0,0.0,0.0,1.0,0.0,1837871.252,5180935.386,311.3,1.0]},{"boundingVolume":{"box":[4.69175910949707,-4.192439794540405,3.031860113143921,25.493370056152344,0.0,0.0,0.0,19.50247025489807,0.0,0.0,0.0,5.4898600578308105]},"geometricError":500,"refine":"ADD","content":{"uri":"tiles/35.b3dm"},"transform":[0.663,-0.749,0.0,0.0,0.749,0.663,-0.0,0.0,0.0,0.0,1.0,0.0,1837871.252,5180935.386,311.3,1.0]}]}}